0
1
1
1
1
1
1
1
1
1
2
4
5
6
7
8
9
10
11
12
12
13
13
13
13
13
13
13
13
13
13
14
14
14
14
14
14
14
14
14
14
15
15
15
15
15
15
15
15
15
15
16
16
16
16
16
16
16
16
16
16
17
17
17
17
17
17
17
17
17
17
18
18
18
18
18
18
18
18
18
18
19
19
19
19
19
19
19
19
19
19
20
20
20
20
20
20
20
20
20
21
23
24
25
26
27
28
29
30
31
33
36
38
40
42
44
46
48
50
52
53
55
56
57
58
59
60
61
62
63
64
66
67
68
69
70
71
72
73
74
75
77
78
79
80
81
82
83
84
85
86
88
89
90
91
92
93
94
95
96
97
99
100
101
102
103
104
105
106
107
108
110
111
112
113
114
115
116
117
118
119
121
122
123
124
125
126
127
128
129
130
132
133
134
135
136
137
138
139
140
140
141
141
141
141
141
141
141
141
141
142
144
145
146
147
148
149
150
151
152
152
153
153
153
153
153
153
153
153
153
153
154
154
154
154
154
154
154
154
154
154
155
155
155
155
155
155
155
155
155
155
156
156
156
156
156
156
156
156
156
156
157
157
157
157
157
157
157
157
157
157
158
158
158
158
158
158
158
158
158
158
159
159
159
159
159
159
159
159
159
159
160
160
160
160
160
160
160
160
160
160
161
161
161
161
161
161
161
161
161
162
164
165
166
167
168
169
170
171
172
172
173
173
173
173
173
173
173
173
173
173
174
174
174
174
174
174
174
174
174
174
175
175
175
175
175
175
175
175
175
175
176
176
176
176
176
176
176
176
176
176
177
177
177
177
177
177
177
177
177
177
178
178
178
178
178
178
178
178
178
178
179
179
179
179
179
179
179
179
179
179
180
180
180
180
180
180
180
180
180
180
181
181
181
181
181
181
181
181
181
182
184
185
186
187
188
189
190
191
192
192
193
193
193
193
193
193
193
193
193
193
194
194
194
194
194
194
194
194
194
194
195
195
195
195
195
195
195
195
195
195
196
196
196
196
196
196
196
196
196
196
197
197
197
197
197
197
197
197
197
197
198
198
198
198
198
198
198
198
198
198
199
199
199
199
199
199
199
199
199
199
200
200
200
200
200
200
200
200
200
200
201
201
201
201
201
201
201
201
201
202
204
205
206
207
208
209
210
211
212
212
213
213
213
213
213
213
213
213
213
213
214
214
214
214
214
214
214
214
214
214
215
215
215
215
215
215
215
215
215
215
216
216
216
216
216
216
216
216
216
216
217
217
217
217
217
217
217
217
217
217
218
218
218
218
218
218
218
218
218
218
219
219
219
219
219
219
219
219
219
219
220
220
220
220
220
220
220
220
220
220
221
221
221
221
221
221
221
221
221
222
224
225
226
227
228
229
230
231
232
232
233
233
233
233
233
233
233
233
233
233
234
234
234
234
234
234
234
234
234
234
235
235
235
235
235
235
235
235
235
235
236
236
236
236
236
236
236
236
236
236
237
237
237
237
237
237
237
237
237
237
238
238
238
238
238
238
238
238
238
238
239
239
239
239
239
239
239
239
239
239
240
240
240
240
240
240
240
240
240
240
241
241
241
241
241
241
241
241
241
242
244
245
246
247
248
249
250
251
252
252
253
253
253
253
253
253
253
253
253
253
254
254
254
254
254
254
254
254
254
254
255
255
255
255
255
255
255
255
255
255
256
256
256
256
256
256
256
256
256
256
257
257
257
257
257
257
257
257
257
257
258
258
258
258
258
258
258
258
258
258
259
259
259
259
259
259
259
259
259
259
260
260
260
260
260
260
260
260
260
260
261
261
261
261
261
261
261
261
261
262
264
265
266
267
268
269
270
271
272
272
273
273
273
273
273
273
273
273
273
273
274
274
274
274
274
274
274
274
274
274
275
275
275
275
275
275
275
275
275
275
276
276
276
276
276
276
276
276
276
276
277
277
277
277
277
277
277
277
277
277
278
278
278
278
278
278
278
278
278
278
279
279
279
279
279
279
279
279
279
279
280
280
280
280
280
280
280
280
280
280
281
281
281
281
281
281
281
281
281
282
284
285
286
287
288
289
290
291
292
292
293
293
293
293
293
293
293
293
293
293
294
294
294
294
294
294
294
294
294
294
295
295
295
295
295
295
295
295
295
295
296
296
296
296
296
296
296
296
296
296
297
297
297
297
297
297
297
297
297
297
298
298
298
298
298
298
298
298
298
298
299
299
299
299
299
299
299
299
299
299
300
300
300
300
300
300
300
300
300
301
303
304
305
306
307
308
309
310
311
313
316
318
320
322
324
326
328
330
332
333
335
336
337
338
339
340
341
342
343
344
346
347
348
349
350
351
352
353
354
355
357
358
359
360
361
362
363
364
365
366
368
369
370
371
372
373
374
375
376
377
379
380
381
382
383
384
385
386
387
388
390
391
392
393
394
395
396
397
398
399
401
402
403
404
405
406
407
408
409
410
412
413
414
415
416
417
418
419
420
422
425
427
429
431
433
435
437
439
441
444
448
451
454
457
460
463
466
469
472
474
477
479
481
483
485
487
489
491
493
495
498
500
502
504
506
508
510
512
514
516
519
521
523
525
527
529
531
533
535
537
540
542
544
546
548
550
552
554
556
558
561
563
565
567
569
571
573
575
577
579
582
584
586
588
590
592
594
596
598
600
603
605
607
609
611
613
615
617
619
621
624
626
628
630
632
634
636
638
640
641
643
644
645
646
647
648
649
650
651
653
656
658
660
662
664
666
668
670
672
673
675
676
677
678
679
680
681
682
683
684
686
687
688
689
690
691
692
693
694
695
697
698
699
700
701
702
703
704
705
706
708
709
710
711
712
713
714
715
716
717
719
720
721
722
723
724
725
726
727
728
730
731
732
733
734
735
736
737
738
739
741
742
743
744
745
746
747
748
749
750
752
753
754
755
756
757
758
759
760
761
763
764
765
766
767
768
769
770
771
773
776
778
780
782
784
786
788
790
792
793
795
796
797
798
799
800
801
802
803
804
806
807
808
809
810
811
812
813
814
815
817
818
819
820
821
822
823
824
825
826
828
829
830
831
832
833
834
835
836
837
839
840
841
842
843
844
845
846
847
848
850
851
852
853
854
855
856
857
858
859
861
862
863
864
865
866
867
868
869
870
872
873
874
875
876
877
878
879
880
881
883
884
885
886
887
888
889
890
891
893
896
898
900
902
904
906
908
910
912
913
915
916
917
918
919
920
921
922
923
924
926
927
928
929
930
931
932
933
934
935
937
938
939
940
941
942
943
944
945
946
948
949
950
951
952
953
954
955
956
957
959
960
961
962
963
964
965
966
967
968
970
971
972
973
974
975
976
977
978
979
981
982
983
984
985
986
987
988
989
990
992
993
994
995
996
997
998
999
1000
1001
1003
1004
1005
1006
1007
1008
1009
1010
1011
1013
1016
1018
1020
1022
1024
1026
1028
1030
1032
1033
1035
1036
1037
1038
1039
1040
1041
1042
1043
1044
1046
1047
1048
1049
1050
1051
1052
1053
1054
1055
1057
1058
1059
1060
1061
1062
1063
1064
1065
1066
1068
1069
1070
1071
1072
1073
1074
1075
1076
1077
1079
1080
1081
1082
1083
1084
1085
1086
1087
1088
1090
1091
1092
1093
1094
1095
1096
1097
1098
1099
1101
1102
1103
1104
1105
1106
1107
1108
1109
1110
1112
1113
1114
1115
1116
1117
1118
1119
1120
1121
1123
1124
1125
1126
1127
1128
1129
1130
1131
1133
1136
1138
1140
1142
1144
1146
1148
1150
1152
1153
1155
1156
1157
1158
1159
1160
1161
1162
1163
1164
1166
1167
1168
1169
1170
1171
1172
1173
1174
1175
1177
1178
1179
1180
1181
1182
1183
1184
1185
1186
1188
1189
1190
1191
1192
1193
1194
1195
1196
1197
1199
1200
1201
1202
1203
1204
1205
1206
1207
1208
1210
1211
1212
1213
1214
1215
1216
1217
1218
1219
1221
1222
1223
1224
1225
1226
1227
1228
1229
1230
1232
1233
1234
1235
1236
1237
1238
1239
1240
1241
1243
1244
1245
1246
1247
1248
1249
1250
1251
1253
1256
1258
1260
1262
1264
1266
1268
1270
1272
1273
1275
1276
1277
1278
1279
1280
1281
1282
1283
1284
1286
1287
1288
1289
1290
1291
1292
1293
1294
1295
1297
1298
1299
1300
1301
1302
1303
1304
1305
1306
1308
1309
1310
1311
1312
1313
1314
1315
1316
1317
1319
1320
1321
1322
1323
1324
1325
1326
1327
1328
1330
1331
1332
1333
1334
1335
1336
1337
1338
1339
1341
1342
1343
1344
1345
1346
1347
1348
1349
1350
1352
1353
1354
1355
1356
1357
1358
1359
1360
1361
1363
1364
1365
1366
1367
1368
1369
1370
1371
1373
1376
1378
1380
1382
1384
1386
1388
1390
1392
1393
1395
1396
1397
1398
1399
1400
1401
1402
1403
1404
1406
1407
1408
1409
1410
1411
1412
1413
1414
1415
1417
1418
1419
1420
1421
1422
1423
1424
1425
1426
1428
1429
1430
1431
1432
1433
1434
1435
1436
1437
1439
1440
1441
1442
1443
1444
1445
1446
1447
1448
1450
1451
1452
1453
1454
1455
1456
1457
1458
1459
1461
1462
1463
1464
1465
1466
1467
1468
1469
1470
1472
1473
1474
1475
1476
1477
1478
1479
1480
1481
1483
1484
1485
1486
1487
1488
1489
1490
1491
1493
1496
1498
1500
1502
1504
1506
1508
1510
1512
1513
1515
1516
1517
1518
1519
1520
1521
1522
1523
1524
1526
1527
1528
1529
1530
1531
1532
1533
1534
1535
1537
1538
1539
1540
1541
1542
1543
1544
1545
1546
1548
1549
1550
1551
1552
1553
1554
1555
1556
1557
1559
1560
1561
1562
1563
1564
1565
1566
1567
1568
1570
1571
1572
1573
1574
1575
1576
1577
1578
1579
1581
1582
1583
1584
1585
1586
1587
1588
1589
1590
1592
1593
1594
1595
1596
1597
1598
1599
1600
1600
1601
1601
1601
1601
1601
1601
1601
1601
1601
1602
1604
1605
1606
1607
1608
1609
1610
1611
1612
1612
1613
1613
1613
1613
1613
1613
1613
1613
1613
1613
1614
1614
1614
1614
1614
1614
1614
1614
1614
1614
1615
1615
1615
1615
1615
1615
1615
1615
1615
1615
1616
1616
1616
1616
1616
1616
1616
1616
1616
1616
1617
1617
1617
1617
1617
1617
1617
1617
1617
1617
1618
1618
1618
1618
1618
1618
1618
1618
1618
1618
1619
1619
1619
1619
1619
1619
1619
1619
1619
1619
1620
1620
1620
1620
1620
1620
1620
1620
1620
1621
1623
1624
1625
1626
1627
1628
1629
1630
1631
1633
1636
1638
1640
1642
1644
1646
1648
1650
1652
1653
1655
1656
1657
1658
1659
1660
1661
1662
1663
1664
1666
1667
1668
1669
1670
1671
1672
1673
1674
1675
1677
1678
1679
1680
1681
1682
1683
1684
1685
1686
1688
1689
1690
1691
1692
1693
1694
1695
1696
1697
1699
1700
1701
1702
1703
1704
1705
1706
1707
1708
1710
1711
1712
1713
1714
1715
1716
1717
1718
1719
1721
1722
1723
1724
1725
1726
1727
1728
1729
1730
1732
1733
1734
1735
1736
1737
1738
1739
1740
1740
1741
1741
1741
1741
1741
1741
1741
1741
1741
1742
1744
1745
1746
1747
1748
1749
1750
1751
1752
1752
1753
1753
1753
1753
1753
1753
1753
1753
1753
1753
1754
1754
1754
1754
1754
1754
1754
1754
1754
1754
1755
1755
1755
1755
1755
1755
1755
1755
1755
1755
1756
1756
1756
1756
1756
1756
1756
1756
1756
1756
1757
1757
1757
1757
1757
1757
1757
1757
1757
1757
1758
1758
1758
1758
1758
1758
1758
1758
1758
1758
1759
1759
1759
1759
1759
1759
1759
1759
1759
1759
1760
1760
1760
1760
1760
1760
1760
1760
1760
1760
1761
1761
1761
1761
1761
1761
1761
1761
1761
1762
1764
1765
1766
1767
1768
1769
1770
1771
1772
1772
1773
1773
1773
1773
1773
1773
1773
1773
1773
1773
1774
1774
1774
1774
1774
1774
1774
1774
1774
1774
1775
1775
1775
1775
1775
1775
1775
1775
1775
1775
1776
1776
1776
1776
1776
1776
1776
1776
1776
1776
1777
1777
1777
1777
1777
1777
1777
1777
1777
1777
1778
1778
1778
1778
1778
1778
1778
1778
1778
1778
1779
1779
1779
1779
1779
1779
1779
1779
1779
1779
1780
1780
1780
1780
1780
1780
1780
1780
1780
1780
1781
1781
1781
1781
1781
1781
1781
1781
1781
1782
1784
1785
1786
1787
1788
1789
1790
1791
1792
1792
1793
1793
1793
1793
1793
1793
1793
1793
1793
1793
1794
1794
1794
1794
1794
1794
1794
1794
1794
1794
1795
1795
1795
1795
1795
1795
1795
1795
1795
1795
1796
1796
1796
1796
1796
1796
1796
1796
1796
1796
1797
1797
1797
1797
1797
1797
1797
1797
1797
1797
1798
1798
1798
1798
1798
1798
1798
1798
1798
1798
1799
1799
1799
1799
1799
1799
1799
1799
1799
1799
1800
1800
1800
1800
1800
1800
1800
1800
1800
1800
1801
1801
1801
1801
1801
1801
1801
1801
1801
1802
1804
1805
1806
1807
1808
1809
1810
1811
1812
1812
1813
1813
1813
1813
1813
1813
1813
1813
1813
1813
1814
1814
1814
1814
1814
1814
1814
1814
1814
1814
1815
1815
1815
1815
1815
1815
1815
1815
1815
1815
1816
1816
1816
1816
1816
1816
1816
1816
1816
1816
1817
1817
1817
1817
1817
1817
1817
1817
1817
1817
1818
1818
1818
1818
1818
1818
1818
1818
1818
1818
1819
1819
1819
1819
1819
1819
1819
1819
1819
1819
1820
1820
1820
1820
1820
1820
1820
1820
1820
1820
1821
1821
1821
1821
1821
1821
1821
1821
1821
1822
1824
1825
1826
1827
1828
1829
1830
1831
1832
1832
1833
1833
1833
1833
1833
1833
1833
1833
1833
1833
1834
1834
1834
1834
1834
1834
1834
1834
1834
1834
1835
1835
1835
1835
1835
1835
1835
1835
1835
1835
1836
1836
1836
1836
1836
1836
1836
1836
1836
1836
1837
1837
1837
1837
1837
1837
1837
1837
1837
1837
1838
1838
1838
1838
1838
1838
1838
1838
1838
1838
1839
1839
1839
1839
1839
1839
1839
1839
1839
1839
1840
1840
1840
1840
1840
1840
1840
1840
1840
1840
1841
1841
1841
1841
1841
1841
1841
1841
1841
1842
1844
1845
1846
1847
1848
1849
1850
1851
1852
1852
1853
1853
1853
1853
1853
1853
1853
1853
1853
1853
1854
1854
1854
1854
1854
1854
1854
1854
1854
1854
1855
1855
1855
1855
1855
1855
1855
1855
1855
1855
1856
1856
1856
1856
1856
1856
1856
1856
1856
1856
1857
1857
1857
1857
1857
1857
1857
1857
1857
1857
1858
1858
1858
1858
1858
1858
1858
1858
1858
1858
1859
1859
1859
1859
1859
1859
1859
1859
1859
1859
1860
1860
1860
1860
1860
1860
1860
1860
1860
1860
1861
1861
1861
1861
1861
1861
1861
1861
1861
1862
1864
1865
1866
1867
1868
1869
1870
1871
1872
1872
1873
1873
1873
1873
1873
1873
1873
1873
1873
1873
1874
1874
1874
1874
1874
1874
1874
1874
1874
1874
1875
1875
1875
1875
1875
1875
1875
1875
1875
1875
1876
1876
1876
1876
1876
1876
1876
1876
1876
1876
1877
1877
1877
1877
1877
1877
1877
1877
1877
1877
1878
1878
1878
1878
1878
1878
1878
1878
1878
1878
1879
1879
1879
1879
1879
1879
1879
1879
1879
1879
1880
1880
1880
1880
1880
1880
1880
1880
1880
1880
1881
1881
1881
1881
1881
1881
1881
1881
1881
1882
1884
1885
1886
1887
1888
1889
1890
1891
1892
1892
1893
1893
1893
1893
1893
1893
1893
1893
1893
1893
1894
1894
1894
1894
1894
1894
1894
1894
1894
1894
1895
1895
1895
1895
1895
1895
1895
1895
1895
1895
1896
1896
1896
1896
1896
1896
1896
1896
1896
1896
1897
1897
1897
1897
1897
1897
1897
1897
1897
1897
1898
1898
1898
1898
1898
1898
1898
1898
1898
1898
1899
1899
1899
1899
1899
1899
1899
1899
1899
1899
1900
1900
1900
1900
1900
1900
1900
1900
1900
1900
1901
1901
1901
1901
1901
1901
1901
1901
1901
1902
1904
1905
1906
1907
1908
1909
1910
1911
1912
1912
1913
1913
1913
1913
1913
1913
1913
1913
1913
1913
1914
1914
1914
1914
1914
1914
1914
1914
1914
1914
1915
1915
1915
1915
1915
1915
1915
1915
1915
1915
1916
1916
1916
1916
1916
1916
1916
1916
1916
1916
1917
1917
1917
1917
1917
1917
1917
1917
1917
1917
1918
1918
1918
1918
1918
1918
1918
1918
1918
1918
1919
1919
1919
1919
1919
1919
1919
1919
1919
1919
1920
1920
1920
1920
1920
1920
1920
1920
1920
1921
1923
1924
1925
1926
1927
1928
1929
1930
1931
1933
1936
1938
1940
1942
1944
1946
1948
1950
1952
1953
1955
1956
1957
1958
1959
1960
1961
1962
1963
1964
1966
1967
1968
1969
1970
1971
1972
1973
1974
1975
1977
1978
1979
1980
1981
1982
1983
1984
1985
1986
1988
1989
1990
1991
1992
1993
1994
1995
1996
1997
1999
2000
2001
2002
2003
2004
2005
2006
2007
2008
2010
2011
2012
2013
2014
2015
2016
2017
2018
2019
2021
2022
2023
2024
2025
2026
2027
2028
2029
2030
2032
2033
2034
2035
2036
2037
2038
2039
2040
2040
2041
2041
2041
2041
2041
2041
2041
2041
2041
2042
2044
2045
2046
2047
2048
2049
2050
2051
2052
2052
2053
2053
2053
2053
2053
2053
2053
2053
2053
2053
2054
2054
2054
2054
2054
2054
2054
2054
2054
2054
2055
2055
2055
2055
2055
2055
2055
2055
2055
2055
2056
2056
2056
2056
2056
2056
2056
2056
2056
2056
2057
2057
2057
2057
2057
2057
2057
2057
2057
2057
2058
2058
2058
2058
2058
2058
2058
2058
2058
2058
2059
2059
2059
2059
2059
2059
2059
2059
2059
2059
2060
2060
2060
2060
2060
2060
2060
2060
2060
2060
2061
2061
2061
2061
2061
2061
2061
2061
2061
2062
2064
2065
2066
2067
2068
2069
2070
2071
2072
2072
2073
2073
2073
2073
2073
2073
2073
2073
2073
2073
2074
2074
2074
2074
2074
2074
2074
2074
2074
2074
2075
2075
2075
2075
2075
2075
2075
2075
2075
2075
2076
2076
2076
2076
2076
2076
2076
2076
2076
2076
2077
2077
2077
2077
2077
2077
2077
2077
2077
2077
2078
2078
2078
2078
2078
2078
2078
2078
2078
2078
2079
2079
2079
2079
2079
2079
2079
2079
2079
2079
2080
2080
2080
2080
2080
2080
2080
2080
2080
2080
2081
2081
2081
2081
2081
2081
2081
2081
2081
2082
2084
2085
2086
2087
2088
2089
2090
2091
2092
2092
2093
2093
2093
2093
2093
2093
2093
2093
2093
2093
2094
2094
2094
2094
2094
2094
2094
2094
2094
2094
2095
2095
2095
2095
2095
2095
2095
2095
2095
2095
2096
2096
2096
2096
2096
2096
2096
2096
2096
2096
2097
2097
2097
2097
2097
2097
2097
2097
2097
2097
2098
2098
2098
2098
2098
2098
2098
2098
2098
2098
2099
2099
2099
2099
2099
2099
2099
2099
2099
2099
2100
2100
2100
2100
2100
2100
2100
2100
2100
2100
2101
2101
2101
2101
2101
2101
2101
2101
2101
2102
2104
2105
2106
2107
2108
2109
2110
2111
2112
2112
2113
2113
2113
2113
2113
2113
2113
2113
2113
2113
2114
2114
2114
2114
2114
2114
2114
2114
2114
2114
2115
2115
2115
2115
2115
2115
2115
2115
2115
2115
2116
2116
2116
2116
2116
2116
2116
2116
2116
2116
2117
2117
2117
2117
2117
2117
2117
2117
2117
2117
2118
2118
2118
2118
2118
2118
2118
2118
2118
2118
2119
2119
2119
2119
2119
2119
2119
2119
2119
2119
2120
2120
2120
2120
2120
2120
2120
2120
2120
2120
2121
2121
2121
2121
2121
2121
2121
2121
2121
2122
2124
2125
2126
2127
2128
2129
2130
2131
2132
2132
2133
2133
2133
2133
2133
2133
2133
2133
2133
2133
2134
2134
2134
2134
2134
2134
2134
2134
2134
2134
2135
2135
2135
2135
2135
2135
2135
2135
2135
2135
2136
2136
2136
2136
2136
2136
2136
2136
2136
2136
2137
2137
2137
2137
2137
2137
2137
2137
2137
2137
2138
2138
2138
2138
2138
2138
2138
2138
2138
2138
2139
2139
2139
2139
2139
2139
2139
2139
2139
2139
2140
2140
2140
2140
2140
2140
2140
2140
2140
2140
2141
2141
2141
2141
2141
2141
2141
2141
2141
2142
2144
2145
2146
2147
2148
2149
2150
2151
2152
2152
2153
2153
2153
2153
2153
2153
2153
2153
2153
2153
2154
2154
2154
2154
2154
2154
2154
2154
2154
2154
2155
2155
2155
2155
2155
2155
2155
2155
2155
2155
2156
2156
2156
2156
2156
2156
2156
2156
2156
2156
2157
2157
2157
2157
2157
2157
2157
2157
2157
2157
2158
2158
2158
2158
2158
2158
2158
2158
2158
2158
2159
2159
2159
2159
2159
2159
2159
2159
2159
2159
2160
2160
2160
2160
2160
2160
2160
2160
2160
2160
2161
2161
2161
2161
2161
2161
2161
2161
2161
2162
2164
2165
2166
2167
2168
2169
2170
2171
2172
2172
2173
2173
2173
2173
2173
2173
2173
2173
2173
2173
2174
2174
2174
2174
2174
2174
2174
2174
2174
2174
2175
2175
2175
2175
2175
2175
2175
2175
2175
2175
2176
2176
2176
2176
2176
2176
2176
2176
2176
2176
2177
2177
2177
2177
2177
2177
2177
2177
2177
2177
2178
2178
2178
2178
2178
2178
2178
2178
2178
2178
2179
2179
2179
2179
2179
2179
2179
2179
2179
2179
2180
2180
2180
2180
2180
2180
2180
2180
2180
2180
2181
2181
2181
2181
2181
2181
2181
2181
2181
2182
2184
2185
2186
2187
2188
2189
2190
2191
2192
2192
2193
2193
2193
2193
2193
2193
2193
2193
2193
2193
2194
2194
2194
2194
2194
2194
2194
2194
2194
2194
2195
2195
2195
2195
2195
2195
2195
2195
2195
2195
2196
2196
2196
2196
2196
2196
2196
2196
2196
2196
2197
2197
2197
2197
2197
2197
2197
2197
2197
2197
2198
2198
2198
2198
2198
2198
2198
2198
2198
2198
2199
2199
2199
2199
2199
2199
2199
2199
2199
2199
2200
2200
2200
2200
2200
2200
2200
2200
2200
2200
2201
2201
2201
2201
2201
2201
2201
2201
2201
2202
2204
2205
2206
2207
2208
2209
2210
2211
2212
2212
2213
2213
2213
2213
2213
2213
2213
2213
2213
2213
2214
2214
2214
2214
2214
2214
2214
2214
2214
2214
2215
2215
2215
2215
2215
2215
2215
2215
2215
2215
2216
2216
2216
2216
2216
2216
2216
2216
2216
2216
2217
2217
2217
2217
2217
2217
2217
2217
2217
2217
2218
2218
2218
2218
2218
2218
2218
2218
2218
2218
2219
2219
2219
2219
2219
2219
2219
2219
2219
2219
2220
2220
2220
2220
2220
2220
2220
2220
2220
2221
2223
2224
2225
2226
2227
2228
2229
2230
2231
2233
2236
2238
2240
2242
2244
2246
2248
2250
2252
2253
2255
2256
2257
2258
2259
2260
2261
2262
2263
2264
2266
2267
2268
2269
2270
2271
2272
2273
2274
2275
2277
2278
2279
2280
2281
2282
2283
2284
2285
2286
2288
2289
2290
2291
2292
2293
2294
2295
2296
2297
2299
2300
2301
2302
2303
2304
2305
2306
2307
2308
2310
2311
2312
2313
2314
2315
2316
2317
2318
2319
2321
2322
2323
2324
2325
2326
2327
2328
2329
2330
2332
2333
2334
2335
2336
2337
2338
2339
2340
2340
2341
2341
2341
2341
2341
2341
2341
2341
2341
2342
2344
2345
2346
2347
2348
2349
2350
2351
2352
2352
2353
2353
2353
2353
2353
2353
2353
2353
2353
2353
2354
2354
2354
2354
2354
2354
2354
2354
2354
2354
2355
2355
2355
2355
2355
2355
2355
2355
2355
2355
2356
2356
2356
2356
2356
2356
2356
2356
2356
2356
2357
2357
2357
2357
2357
2357
2357
2357
2357
2357
2358
2358
2358
2358
2358
2358
2358
2358
2358
2358
2359
2359
2359
2359
2359
2359
2359
2359
2359
2359
2360
2360
2360
2360
2360
2360
2360
2360
2360
2360
2361
2361
2361
2361
2361
2361
2361
2361
2361
2362
2364
2365
2366
2367
2368
2369
2370
2371
2372
2372
2373
2373
2373
2373
2373
2373
2373
2373
2373
2373
2374
2374
2374
2374
2374
2374
2374
2374
2374
2374
2375
2375
2375
2375
2375
2375
2375
2375
2375
2375
2376
2376
2376
2376
2376
2376
2376
2376
2376
2376
2377
2377
2377
2377
2377
2377
2377
2377
2377
2377
2378
2378
2378
2378
2378
2378
2378
2378
2378
2378
2379
2379
2379
2379
2379
2379
2379
2379
2379
2379
2380
2380
2380
2380
2380
2380
2380
2380
2380
2380
2381
2381
2381
2381
2381
2381
2381
2381
2381
2382
2384
2385
2386
2387
2388
2389
2390
2391
2392
2392
2393
2393
2393
2393
2393
2393
2393
2393
2393
2393
2394
2394
2394
2394
2394
2394
2394
2394
2394
2394
2395
2395
2395
2395
2395
2395
2395
2395
2395
2395
2396
2396
2396
2396
2396
2396
2396
2396
2396
2396
2397
2397
2397
2397
2397
2397
2397
2397
2397
2397
2398
2398
2398
2398
2398
2398
2398
2398
2398
2398
2399
2399
2399
2399
2399
2399
2399
2399
2399
2399
2400
2400
2400
2400
2400
2400
2400
2400
2400
2400
2401
2401
2401
2401
2401
2401
2401
2401
2401
2402
2404
2405
2406
2407
2408
2409
2410
2411
2412
2412
2413
2413
2413
2413
2413
2413
2413
2413
2413
2413
2414
2414
2414
2414
2414
2414
2414
2414
2414
2414
2415
2415
2415
2415
2415
2415
2415
2415
2415
2415
2416
2416
2416
2416
2416
2416
2416
2416
2416
2416
2417
2417
2417
2417
2417
2417
2417
2417
2417
2417
2418
2418
2418
2418
2418
2418
2418
2418
2418
2418
2419
2419
2419
2419
2419
2419
2419
2419
2419
2419
2420
2420
2420
2420
2420
2420
2420
2420
2420
2420
2421
2421
2421
2421
2421
2421
2421
2421
2421
2422
2424
2425
2426
2427
2428
2429
2430
2431
2432
2432
2433
2433
2433
2433
2433
2433
2433
2433
2433
2433
2434
2434
2434
2434
2434
2434
2434
2434
2434
2434
2435
2435
2435
2435
2435
2435
2435
2435
2435
2435
2436
2436
2436
2436
2436
2436
2436
2436
2436
2436
2437
2437
2437
2437
2437
2437
2437
2437
2437
2437
2438
2438
2438
2438
2438
2438
2438
2438
2438
2438
2439
2439
2439
2439
2439
2439
2439
2439
2439
2439
2440
2440
2440
2440
2440
2440
2440
2440
2440
2440
2441
2441
2441
2441
2441
2441
2441
2441
2441
2442
2444
2445
2446
2447
2448
2449
2450
2451
2452
2452
2453
2453
2453
2453
2453
2453
2453
2453
2453
2453
2454
2454
2454
2454
2454
2454
2454
2454
2454
2454
2455
2455
2455
2455
2455
2455
2455
2455
2455
2455
2456
2456
2456
2456
2456
2456
2456
2456
2456
2456
2457
2457
2457
2457
2457
2457
2457
2457
2457
2457
2458
2458
2458
2458
2458
2458
2458
2458
2458
2458
2459
2459
2459
2459
2459
2459
2459
2459
2459
2459
2460
2460
2460
2460
2460
2460
2460
2460
2460
2460
2461
2461
2461
2461
2461
2461
2461
2461
2461
2462
2464
2465
2466
2467
2468
2469
2470
2471
2472
2472
2473
2473
2473
2473
2473
2473
2473
2473
2473
2473
2474
2474
2474
2474
2474
2474
2474
2474
2474
2474
2475
2475
2475
2475
2475
2475
2475
2475
2475
2475
2476
2476
2476
2476
2476
2476
2476
2476
2476
2476
2477
2477
2477
2477
2477
2477
2477
2477
2477
2477
2478
2478
2478
2478
2478
2478
2478
2478
2478
2478
2479
2479
2479
2479
2479
2479
2479
2479
2479
2479
2480
2480
2480
2480
2480
2480
2480
2480
2480
2480
2481
2481
2481
2481
2481
2481
2481
2481
2481
2482
2484
2485
2486
2487
2488
2489
2490
2491
2492
2492
2493
2493
2493
2493
2493
2493
2493
2493
2493
2493
2494
2494
2494
2494
2494
2494
2494
2494
2494
2494
2495
2495
2495
2495
2495
2495
2495
2495
2495
2495
2496
2496
2496
2496
2496
2496
2496
2496
2496
2496
2497
2497
2497
2497
2497
2497
2497
2497
2497
2497
2498
2498
2498
2498
2498
2498
2498
2498
2498
2498
2499
2499
2499
2499
2499
2499
2499
2499
2499
2499
2500
2500
2500
2500
2500
2500
2500
2500
2500
2500
2501
2501
2501
2501
2501
2501
2501
2501
2501
2502
2504
2505
2506
2507
2508
2509
2510
2511
2512
2512
2513
2513
2513
2513
2513
2513
2513
2513
2513
2513
2514
2514
2514
2514
2514
2514
2514
2514
2514
2514
2515
2515
2515
2515
2515
2515
2515
2515
2515
2515
2516
2516
2516
2516
2516
2516
2516
2516
2516
2516
2517
2517
2517
2517
2517
2517
2517
2517
2517
2517
2518
2518
2518
2518
2518
2518
2518
2518
2518
2518
2519
2519
2519
2519
2519
2519
2519
2519
2519
2519
2520
2520
2520
2520
2520
2520
2520
2520
2520
2521
2523
2524
2525
2526
2527
2528
2529
2530
2531
2533
2536
2538
2540
2542
2544
2546
2548
2550
2552
2553
2555
2556
2557
2558
2559
2560
2561
2562
2563
2564
2566
2567
2568
2569
2570
2571
2572
2573
2574
2575
2577
2578
2579
2580
2581
2582
2583
2584
2585
2586
2588
2589
2590
2591
2592
2593
2594
2595
2596
2597
2599
2600
2601
2602
2603
2604
2605
2606
2607
2608
2610
2611
2612
2613
2614
2615
2616
2617
2618
2619
2621
2622
2623
2624
2625
2626
2627
2628
2629
2630
2632
2633
2634
2635
2636
2637
2638
2639
2640
2640
2641
2641
2641
2641
2641
2641
2641
2641
2641
2642
2644
2645
2646
2647
2648
2649
2650
2651
2652
2652
2653
2653
2653
2653
2653
2653
2653
2653
2653
2653
2654
2654
2654
2654
2654
2654
2654
2654
2654
2654
2655
2655
2655
2655
2655
2655
2655
2655
2655
2655
2656
2656
2656
2656
2656
2656
2656
2656
2656
2656
2657
2657
2657
2657
2657
2657
2657
2657
2657
2657
2658
2658
2658
2658
2658
2658
2658
2658
2658
2658
2659
2659
2659
2659
2659
2659
2659
2659
2659
2659
2660
2660
2660
2660
2660
2660
2660
2660
2660
2660
2661
2661
2661
2661
2661
2661
2661
2661
2661
2662
2664
2665
2666
2667
2668
2669
2670
2671
2672
2672
2673
2673
2673
2673
2673
2673
2673
2673
2673
2673
2674
2674
2674
2674
2674
2674
2674
2674
2674
2674
2675
2675
2675
2675
2675
2675
2675
2675
2675
2675
2676
2676
2676
2676
2676
2676
2676
2676
2676
2676
2677
2677
2677
2677
2677
2677
2677
2677
2677
2677
2678
2678
2678
2678
2678
2678
2678
2678
2678
2678
2679
2679
2679
2679
2679
2679
2679
2679
2679
2679
2680
2680
2680
2680
2680
2680
2680
2680
2680
2680
2681
2681
2681
2681
2681
2681
2681
2681
2681
2682
2684
2685
2686
2687
2688
2689
2690
2691
2692
2692
2693
2693
2693
2693
2693
2693
2693
2693
2693
2693
2694
2694
2694
2694
2694
2694
2694
2694
2694
2694
2695
2695
2695
2695
2695
2695
2695
2695
2695
2695
2696
2696
2696
2696
2696
2696
2696
2696
2696
2696
2697
2697
2697
2697
2697
2697
2697
2697
2697
2697
2698
2698
2698
2698
2698
2698
2698
2698
2698
2698
2699
2699
2699
2699
2699
2699
2699
2699
2699
2699
2700
2700
2700
2700
2700
2700
2700
2700
2700
2700
2701
2701
2701
2701
2701
2701
2701
2701
2701
2702
2704
2705
2706
2707
2708
2709
2710
2711
2712
2712
2713
2713
2713
2713
2713
2713
2713
2713
2713
2713
2714
2714
2714
2714
2714
2714
2714
2714
2714
2714
2715
2715
2715
2715
2715
2715
2715
2715
2715
2715
2716
2716
2716
2716
2716
2716
2716
2716
2716
2716
2717
2717
2717
2717
2717
2717
2717
2717
2717
2717
2718
2718
2718
2718
2718
2718
2718
2718
2718
2718
2719
2719
2719
2719
2719
2719
2719
2719
2719
2719
2720
2720
2720
2720
2720
2720
2720
2720
2720
2720
2721
2721
2721
2721
2721
2721
2721
2721
2721
2722
2724
2725
2726
2727
2728
2729
2730
2731
2732
2732
2733
2733
2733
2733
2733
2733
2733
2733
2733
2733
2734
2734
2734
2734
2734
2734
2734
2734
2734
2734
2735
2735
2735
2735
2735
2735
2735
2735
2735
2735
2736
2736
2736
2736
2736
2736
2736
2736
2736
2736
2737
2737
2737
2737
2737
2737
2737
2737
2737
2737
2738
2738
2738
2738
2738
2738
2738
2738
2738
2738
2739
2739
2739
2739
2739
2739
2739
2739
2739
2739
2740
2740
2740
2740
2740
2740
2740
2740
2740
2740
2741
2741
2741
2741
2741
2741
2741
2741
2741
2742
2744
2745
2746
2747
2748
2749
2750
2751
2752
2752
2753
2753
2753
2753
2753
2753
2753
2753
2753
2753
2754
2754
2754
2754
2754
2754
2754
2754
2754
2754
2755
2755
2755
2755
2755
2755
2755
2755
2755
2755
2756
2756
2756
2756
2756
2756
2756
2756
2756
2756
2757
2757
2757
2757
2757
2757
2757
2757
2757
2757
2758
2758
2758
2758
2758
2758
2758
2758
2758
2758
2759
2759
2759
2759
2759
2759
2759
2759
2759
2759
2760
2760
2760
2760
2760
2760
2760
2760
2760
2760
2761
2761
2761
2761
2761
2761
2761
2761
2761
2762
2764
2765
2766
2767
2768
2769
2770
2771
2772
2772
2773
2773
2773
2773
2773
2773
2773
2773
2773
2773
2774
2774
2774
2774
2774
2774
2774
2774
2774
2774
2775
2775
2775
2775
2775
2775
2775
2775
2775
2775
2776
2776
2776
2776
2776
2776
2776
2776
2776
2776
2777
2777
2777
2777
2777
2777
2777
2777
2777
2777
2778
2778
2778
2778
2778
2778
2778
2778
2778
2778
2779
2779
2779
2779
2779
2779
2779
2779
2779
2779
2780
2780
2780
2780
2780
2780
2780
2780
2780
2780
2781
2781
2781
2781
2781
2781
2781
2781
2781
2782
2784
2785
2786
2787
2788
2789
2790
2791
2792
2792
2793
2793
2793
2793
2793
2793
2793
2793
2793
2793
2794
2794
2794
2794
2794
2794
2794
2794
2794
2794
2795
2795
2795
2795
2795
2795
2795
2795
2795
2795
2796
2796
2796
2796
2796
2796
2796
2796
2796
2796
2797
2797
2797
2797
2797
2797
2797
2797
2797
2797
2798
2798
2798
2798
2798
2798
2798
2798
2798
2798
2799
2799
2799
2799
2799
2799
2799
2799
2799
2799
2800
2800
2800
2800
2800
2800
2800
2800
2800
2800
2801
2801
2801
2801
2801
2801
2801
2801
2801
2802
2804
2805
2806
2807
2808
2809
2810
2811
2812
2812
2813
2813
2813
2813
2813
2813
2813
2813
2813
2813
2814
2814
2814
2814
2814
2814
2814
2814
2814
2814
2815
2815
2815
2815
2815
2815
2815
2815
2815
2815
2816
2816
2816
2816
2816
2816
2816
2816
2816
2816
2817
2817
2817
2817
2817
2817
2817
2817
2817
2817
2818
2818
2818
2818
2818
2818
2818
2818
2818
2818
2819
2819
2819
2819
2819
2819
2819
2819
2819
2819
2820
2820
2820
2820
2820
2820
2820
2820
2820
2821
2823
2824
2825
2826
2827
2828
2829
2830
2831
2833
2836
2838
2840
2842
2844
2846
2848
2850
2852
2853
2855
2856
2857
2858
2859
2860
2861
2862
2863
2864
2866
2867
2868
2869
2870
2871
2872
2873
2874
2875
2877
2878
2879
2880
2881
2882
2883
2884
2885
2886
2888
2889
2890
2891
2892
2893
2894
2895
2896
2897
2899
2900
2901
2902
2903
2904
2905
2906
2907
2908
2910
2911
2912
2913
2914
2915
2916
2917
2918
2919
2921
2922
2923
2924
2925
2926
2927
2928
2929
2930
2932
2933
2934
2935
2936
2937
2938
2939
2940
2940
2941
2941
2941
2941
2941
2941
2941
2941
2941
2942
2944
2945
2946
2947
2948
2949
2950
2951
2952
2952
2953
2953
2953
2953
2953
2953
2953
2953
2953
2953
2954
2954
2954
2954
2954
2954
2954
2954
2954
2954
2955
2955
2955
2955
2955
2955
2955
2955
2955
2955
2956
2956
2956
2956
2956
2956
2956
2956
2956
2956
2957
2957
2957
2957
2957
2957
2957
2957
2957
2957
2958
2958
2958
2958
2958
2958
2958
2958
2958
2958
2959
2959
2959
2959
2959
2959
2959
2959
2959
2959
2960
2960
2960
2960
2960
2960
2960
2960
2960
2960
2961
2961
2961
2961
2961
2961
2961
2961
2961
2962
2964
2965
2966
2967
2968
2969
2970
2971
2972
2972
2973
2973
2973
2973
2973
2973
2973
2973
2973
2973
2974
2974
2974
2974
2974
2974
2974
2974
2974
2974
2975
2975
2975
2975
2975
2975
2975
2975
2975
2975
2976
2976
2976
2976
2976
2976
2976
2976
2976
2976
2977
2977
2977
2977
2977
2977
2977
2977
2977
2977
2978
2978
2978
2978
2978
2978
2978
2978
2978
2978
2979
2979
2979
2979
2979
2979
2979
2979
2979
2979
2980
2980
2980
2980
2980
2980
2980
2980
2980
2980
2981
2981
2981
2981
2981
2981
2981
2981
2981
2982
2984
2985
2986
2987
2988
2989
2990
2991
2992
2992
2993
2993
2993
2993
2993
2993
2993
2993
2993
2993
2994
2994
2994
2994
2994
2994
2994
2994
2994
2994
2995
2995
2995
2995
2995
2995
2995
2995
2995
2995
2996
2996
2996
2996
2996
2996
2996
2996
2996
2996
2997
2997
2997
2997
2997
2997
2997
2997
2997
2997
2998
2998
2998
2998
2998
2998
2998
2998
2998
2998
2999
2999
2999
2999
2999
2999
2999
2999
2999
2999
3000
3000
3000
3000
3000
3000
3000
3000
3000
3000
3001
3001
3001
3001
3001
3001
3001
3001
3001
3002
3004
3005
3006
3007
3008
3009
3010
3011
3012
3012
3013
3013
3013
3013
3013
3013
3013
3013
3013
3013
3014
3014
3014
3014
3014
3014
3014
3014
3014
3014
3015
3015
3015
3015
3015
3015
3015
3015
3015
3015
3016
3016
3016
3016
3016
3016
3016
3016
3016
3016
3017
3017
3017
3017
3017
3017
3017
3017
3017
3017
3018
3018
3018
3018
3018
3018
3018
3018
3018
3018
3019
3019
3019
3019
3019
3019
3019
3019
3019
3019
3020
3020
3020
3020
3020
3020
3020
3020
3020
3020
3021
3021
3021
3021
3021
3021
3021
3021
3021
3022
3024
3025
3026
3027
3028
3029
3030
3031
3032
3032
3033
3033
3033
3033
3033
3033
3033
3033
3033
3033
3034
3034
3034
3034
3034
3034
3034
3034
3034
3034
3035
3035
3035
3035
3035
3035
3035
3035
3035
3035
3036
3036
3036
3036
3036
3036
3036
3036
3036
3036
3037
3037
3037
3037
3037
3037
3037
3037
3037
3037
3038
3038
3038
3038
3038
3038
3038
3038
3038
3038
3039
3039
3039
3039
3039
3039
3039
3039
3039
3039
3040
3040
3040
3040
3040
3040
3040
3040
3040
3040
3041
3041
3041
3041
3041
3041
3041
3041
3041
3042
3044
3045
3046
3047
3048
3049
3050
3051
3052
3052
3053
3053
3053
3053
3053
3053
3053
3053
3053
3053
3054
3054
3054
3054
3054
3054
3054
3054
3054
3054
3055
3055
3055
3055
3055
3055
3055
3055
3055
3055
3056
3056
3056
3056
3056
3056
3056
3056
3056
3056
3057
3057
3057
3057
3057
3057
3057
3057
3057
3057
3058
3058
3058
3058
3058
3058
3058
3058
3058
3058
3059
3059
3059
3059
3059
3059
3059
3059
3059
3059
3060
3060
3060
3060
3060
3060
3060
3060
3060
3060
3061
3061
3061
3061
3061
3061
3061
3061
3061
3062
3064
3065
3066
3067
3068
3069
3070
3071
3072
3072
3073
3073
3073
3073
3073
3073
3073
3073
3073
3073
3074
3074
3074
3074
3074
3074
3074
3074
3074
3074
3075
3075
3075
3075
3075
3075
3075
3075
3075
3075
3076
3076
3076
3076
3076
3076
3076
3076
3076
3076
3077
3077
3077
3077
3077
3077
3077
3077
3077
3077
3078
3078
3078
3078
3078
3078
3078
3078
3078
3078
3079
3079
3079
3079
3079
3079
3079
3079
3079
3079
3080
3080
3080
3080
3080
3080
3080
3080
3080
3080
3081
3081
3081
3081
3081
3081
3081
3081
3081
3082
3084
3085
3086
3087
3088
3089
3090
3091
3092
3092
3093
3093
3093
3093
3093
3093
3093
3093
3093
3093
3094
3094
3094
3094
3094
3094
3094
3094
3094
3094
3095
3095
3095
3095
3095
3095
3095
3095
3095
3095
3096
3096
3096
3096
3096
3096
3096
3096
3096
3096
3097
3097
3097
3097
3097
3097
3097
3097
3097
3097
3098
3098
3098
3098
3098
3098
3098
3098
3098
3098
3099
3099
3099
3099
3099
3099
3099
3099
3099
3099
3100
3100
3100
3100
3100
3100
3100
3100
3100
3100
3101
3101
3101
3101
3101
3101
3101
3101
3101
3102
3104
3105
3106
3107
3108
3109
3110
3111
3112
3112
3113
3113
3113
3113
3113
3113
3113
3113
3113
3113
3114
3114
3114
3114
3114
3114
3114
3114
3114
3114
3115
3115
3115
3115
3115
3115
3115
3115
3115
3115
3116
3116
3116
3116
3116
3116
3116
3116
3116
3116
3117
3117
3117
3117
3117
3117
3117
3117
3117
3117
3118
3118
3118
3118
3118
3118
3118
3118
3118
3118
3119
3119
3119
3119
3119
3119
3119
3119
3119
3119
3120
3120
3120
3120
3120
3120
3120
3120
3120
3121
3123
3124
3125
3126
3127
3128
3129
3130
3131
3133
3136
3138
3140
3142
3144
3146
3148
3150
3152
3153
3155
3156
3157
3158
3159
3160
3161
3162
3163
3164
3166
3167
3168
3169
3170
3171
3172
3173
3174
3175
3177
3178
3179
3180
3181
3182
3183
3184
3185
3186
3188
3189
3190
3191
3192
3193
3194
3195
3196
3197
3199
3200
3201
3202
3203
3204
3205
3206
3207
3208
3210
3211
3212
3213
3214
3215
3216
3217
3218
3219
3221
3222
3223
3224
3225
3226
3227
3228
3229
3230
3232
3233
3234
3235
3236
3237
3238
3239
3240
3240
3241
3241
3241
3241
3241
3241
3241
3241
3241
3242
3244
3245
3246
3247
3248
3249
3250
3251
3252
3252
3253
3253
3253
3253
3253
3253
3253
3253
3253
3253
3254
3254
3254
3254
3254
3254
3254
3254
3254
3254
3255
3255
3255
3255
3255
3255
3255
3255
3255
3255
3256
3256
3256
3256
3256
3256
3256
3256
3256
3256
3257
3257
3257
3257
3257
3257
3257
3257
3257
3257
3258
3258
3258
3258
3258
3258
3258
3258
3258
3258
3259
3259
3259
3259
3259
3259
3259
3259
3259
3259
3260
3260
3260
3260
3260
3260
3260
3260
3260
3260
3261
3261
3261
3261
3261
3261
3261
3261
3261
3262
3264
3265
3266
3267
3268
3269
3270
3271
3272
3272
3273
3273
3273
3273
3273
3273
3273
3273
3273
3273
3274
3274
3274
3274
3274
3274
3274
3274
3274
3274
3275
3275
3275
3275
3275
3275
3275
3275
3275
3275
3276
3276
3276
3276
3276
3276
3276
3276
3276
3276
3277
3277
3277
3277
3277
3277
3277
3277
3277
3277
3278
3278
3278
3278
3278
3278
3278
3278
3278
3278
3279
3279
3279
3279
3279
3279
3279
3279
3279
3279
3280
3280
3280
3280
3280
3280
3280
3280
3280
3280
3281
3281
3281
3281
3281
3281
3281
3281
3281
3282
3284
3285
3286
3287
3288
3289
3290
3291
3292
3292
3293
3293
3293
3293
3293
3293
3293
3293
3293
3293
3294
3294
3294
3294
3294
3294
3294
3294
3294
3294
3295
3295
3295
3295
3295
3295
3295
3295
3295
3295
3296
3296
3296
3296
3296
3296
3296
3296
3296
3296
3297
3297
3297
3297
3297
3297
3297
3297
3297
3297
3298
3298
3298
3298
3298
3298
3298
3298
3298
3298
3299
3299
3299
3299
3299
3299
3299
3299
3299
3299
3300
3300
3300
3300
3300
3300
3300
3300
3300
3300
3301
3301
3301
3301
3301
3301
3301
3301
3301
3302
3304
3305
3306
3307
3308
3309
3310
3311
3312
3312
3313
3313
3313
3313
3313
3313
3313
3313
3313
3313
3314
3314
3314
3314
3314
3314
3314
3314
3314
3314
3315
3315
3315
3315
3315
3315
3315
3315
3315
3315
3316
3316
3316
3316
3316
3316
3316
3316
3316
3316
3317
3317
3317
3317
3317
3317
3317
3317
3317
3317
3318
3318
3318
3318
3318
3318
3318
3318
3318
3318
3319
3319
3319
3319
3319
3319
3319
3319
3319
3319
3320
3320
3320
3320
3320
3320
3320
3320
3320
3320
3321
3321
3321
3321
3321
3321
3321
3321
3321
3322
3324
3325
3326
3327
3328
3329
3330
3331
3332
3332
3333
3333
3333
3333
3333
3333
3333
3333
3333
3333
3334
3334
3334
3334
3334
3334
3334
3334
3334
3334
3335
3335
3335
3335
3335
3335
3335
3335
3335
3335
3336
3336
3336
3336
3336
3336
3336
3336
3336
3336
3337
3337
3337
3337
3337
3337
3337
3337
3337
3337
3338
3338
3338
3338
3338
3338
3338
3338
3338
3338
3339
3339
3339
3339
3339
3339
3339
3339
3339
3339
3340
3340
3340
3340
3340
3340
3340
3340
3340
3340
3341
3341
3341
3341
3341
3341
3341
3341
3341
3342
3344
3345
3346
3347
3348
3349
3350
3351
3352
3352
3353
3353
3353
3353
3353
3353
3353
3353
3353
3353
3354
3354
3354
3354
3354
3354
3354
3354
3354
3354
3355
3355
3355
3355
3355
3355
3355
3355
3355
3355
3356
3356
3356
3356
3356
3356
3356
3356
3356
3356
3357
3357
3357
3357
3357
3357
3357
3357
3357
3357
3358
3358
3358
3358
3358
3358
3358
3358
3358
3358
3359
3359
3359
3359
3359
3359
3359
3359
3359
3359
3360
3360
3360
3360
3360
3360
3360
3360
3360
3360
3361
3361
3361
3361
3361
3361
3361
3361
3361
3362
3364
3365
3366
3367
3368
3369
3370
3371
3372
3372
3373
3373
3373
3373
3373
3373
3373
3373
3373
3373
3374
3374
3374
3374
3374
3374
3374
3374
3374
3374
3375
3375
3375
3375
3375
3375
3375
3375
3375
3375
3376
3376
3376
3376
3376
3376
3376
3376
3376
3376
3377
3377
3377
3377
3377
3377
3377
3377
3377
3377
3378
3378
3378
3378
3378
3378
3378
3378
3378
3378
3379
3379
3379
3379
3379
3379
3379
3379
3379
3379
3380
3380
3380
3380
3380
3380
3380
3380
3380
3380
3381
3381
3381
3381
3381
3381
3381
3381
3381
3382
3384
3385
3386
3387
3388
3389
3390
3391
3392
3392
3393
3393
3393
3393
3393
3393
3393
3393
3393
3393
3394
3394
3394
3394
3394
3394
3394
3394
3394
3394
3395
3395
3395
3395
3395
3395
3395
3395
3395
3395
3396
3396
3396
3396
3396
3396
3396
3396
3396
3396
3397
3397
3397
3397
3397
3397
3397
3397
3397
3397
3398
3398
3398
3398
3398
3398
3398
3398
3398
3398
3399
3399
3399
3399
3399
3399
3399
3399
3399
3399
3400
3400
3400
3400
3400
3400
3400
3400
3400
3400
3401
3401
3401
3401
3401
3401
3401
3401
3401
3402
3404
3405
3406
3407
3408
3409
3410
3411
3412
3412
3413
3413
3413
3413
3413
3413
3413
3413
3413
3413
3414
3414
3414
3414
3414
3414
3414
3414
3414
3414
3415
3415
3415
3415
3415
3415
3415
3415
3415
3415
3416
3416
3416
3416
3416
3416
3416
3416
3416
3416
3417
3417
3417
3417
3417
3417
3417
3417
3417
3417
3418
3418
3418
3418
3418
3418
3418
3418
3418
3418
3419
3419
3419
3419
3419
3419
3419
3419
3419
3419
3420
3420
3420
3420
3420
3420
3420
3420
3420
3421
3423
3424
3425
3426
3427
3428
3429
3430
3431
3433
3436
3438
3440
3442
3444
3446
3448
3450
3452
3453
3455
3456
3457
3458
3459
3460
3461
3462
3463
3464
3466
3467
3468
3469
3470
3471
3472
3473
3474
3475
3477
3478
3479
3480
3481
3482
3483
3484
3485
3486
3488
3489
3490
3491
3492
3493
3494
3495
3496
3497
3499
3500
3501
3502
3503
3504
3505
3506
3507
3508
3510
3511
3512
3513
3514
3515
3516
3517
3518
3519
3521
3522
3523
3524
3525
3526
3527
3528
3529
3530
3532
3533
3534
3535
3536
3537
3538
3539
3540
3540
3541
3541
3541
3541
3541
3541
3541
3541
3541
3542
3544
3545
3546
3547
3548
3549
3550
3551
3552
3552
3553
3553
3553
3553
3553
3553
3553
3553
3553
3553
3554
3554
3554
3554
3554
3554
3554
3554
3554
3554
3555
3555
3555
3555
3555
3555
3555
3555
3555
3555
3556
3556
3556
3556
3556
3556
3556
3556
3556
3556
3557
3557
3557
3557
3557
3557
3557
3557
3557
3557
3558
3558
3558
3558
3558
3558
3558
3558
3558
3558
3559
3559
3559
3559
3559
3559
3559
3559
3559
3559
3560
3560
3560
3560
3560
3560
3560
3560
3560
3560
3561
3561
3561
3561
3561
3561
3561
3561
3561
3562
3564
3565
3566
3567
3568
3569
3570
3571
3572
3572
3573
3573
3573
3573
3573
3573
3573
3573
3573
3573
3574
3574
3574
3574
3574
3574
3574
3574
3574
3574
3575
3575
3575
3575
3575
3575
3575
3575
3575
3575
3576
3576
3576
3576
3576
3576
3576
3576
3576
3576
3577
3577
3577
3577
3577
3577
3577
3577
3577
3577
3578
3578
3578
3578
3578
3578
3578
3578
3578
3578
3579
3579
3579
3579
3579
3579
3579
3579
3579
3579
3580
3580
3580
3580
3580
3580
3580
3580
3580
3580
3581
3581
3581
3581
3581
3581
3581
3581
3581
3582
3584
3585
3586
3587
3588
3589
3590
3591
3592
3592
3593
3593
3593
3593
3593
3593
3593
3593
3593
3593
3594
3594
3594
3594
3594
3594
3594
3594
3594
3594
3595
3595
3595
3595
3595
3595
3595
3595
3595
3595
3596
3596
3596
3596
3596
3596
3596
3596
3596
3596
3597
3597
3597
3597
3597
3597
3597
3597
3597
3597
3598
3598
3598
3598
3598
3598
3598
3598
3598
3598
3599
3599
3599
3599
3599
3599
3599
3599
3599
3599
3600
3600
3600
3600
3600
3600
3600
3600
3600
3600
3601
3601
3601
3601
3601
3601
3601
3601
3601
3602
3604
3605
3606
3607
3608
3609
3610
3611
3612
3612
3613
3613
3613
3613
3613
3613
3613
3613
3613
3613
3614
3614
3614
3614
3614
3614
3614
3614
3614
3614
3615
3615
3615
3615
3615
3615
3615
3615
3615
3615
3616
3616
3616
3616
3616
3616
3616
3616
3616
3616
3617
3617
3617
3617
3617
3617
3617
3617
3617
3617
3618
3618
3618
3618
3618
3618
3618
3618
3618
3618
3619
3619
3619
3619
3619
3619
3619
3619
3619
3619
3620
3620
3620
3620
3620
3620
3620
3620
3620
3620
3621
3621
3621
3621
3621
3621
3621
3621
3621
3622
3624
3625
3626
3627
3628
3629
3630
3631
3632
3632
3633
3633
3633
3633
3633
3633
3633
3633
3633
3633
3634
3634
3634
3634
3634
3634
3634
3634
3634
3634
3635
3635
3635
3635
3635
3635
3635
3635
3635
3635
3636
3636
3636
3636
3636
3636
3636
3636
3636
3636
3637
3637
3637
3637
3637
3637
3637
3637
3637
3637
3638
3638
3638
3638
3638
3638
3638
3638
3638
3638
3639
3639
3639
3639
3639
3639
3639
3639
3639
3639
3640
3640
3640
3640
3640
3640
3640
3640
3640
3640
3641
3641
3641
3641
3641
3641
3641
3641
3641
3642
3644
3645
3646
3647
3648
3649
3650
3651
3652
3652
3653
3653
3653
3653
3653
3653
3653
3653
3653
3653
3654
3654
3654
3654
3654
3654
3654
3654
3654
3654
3655
3655
3655
3655
3655
3655
3655
3655
3655
3655
3656
3656
3656
3656
3656
3656
3656
3656
3656
3656
3657
3657
3657
3657
3657
3657
3657
3657
3657
3657
3658
3658
3658
3658
3658
3658
3658
3658
3658
3658
3659
3659
3659
3659
3659
3659
3659
3659
3659
3659
3660
3660
3660
3660
3660
3660
3660
3660
3660
3660
3661
3661
3661
3661
3661
3661
3661
3661
3661
3662
3664
3665
3666
3667
3668
3669
3670
3671
3672
3672
3673
3673
3673
3673
3673
3673
3673
3673
3673
3673
3674
3674
3674
3674
3674
3674
3674
3674
3674
3674
3675
3675
3675
3675
3675
3675
3675
3675
3675
3675
3676
3676
3676
3676
3676
3676
3676
3676
3676
3676
3677
3677
3677
3677
3677
3677
3677
3677
3677
3677
3678
3678
3678
3678
3678
3678
3678
3678
3678
3678
3679
3679
3679
3679
3679
3679
3679
3679
3679
3679
3680
3680
3680
3680
3680
3680
3680
3680
3680
3680
3681
3681
3681
3681
3681
3681
3681
3681
3681
3682
3684
3685
3686
3687
3688
3689
3690
3691
3692
3692
3693
3693
3693
3693
3693
3693
3693
3693
3693
3693
3694
3694
3694
3694
3694
3694
3694
3694
3694
3694
3695
3695
3695
3695
3695
3695
3695
3695
3695
3695
3696
3696
3696
3696
3696
3696
3696
3696
3696
3696
3697
3697
3697
3697
3697
3697
3697
3697
3697
3697
3698
3698
3698
3698
3698
3698
3698
3698
3698
3698
3699
3699
3699
3699
3699
3699
3699
3699
3699
3699
3700
3700
3700
3700
3700
3700
3700
3700
3700
3700
3701
3701
3701
3701
3701
3701
3701
3701
3701
3702
3704
3705
3706
3707
3708
3709
3710
3711
3712
3712
3713
3713
3713
3713
3713
3713
3713
3713
3713
3713
3714
3714
3714
3714
3714
3714
3714
3714
3714
3714
3715
3715
3715
3715
3715
3715
3715
3715
3715
3715
3716
3716
3716
3716
3716
3716
3716
3716
3716
3716
3717
3717
3717
3717
3717
3717
3717
3717
3717
3717
3718
3718
3718
3718
3718
3718
3718
3718
3718
3718
3719
3719
3719
3719
3719
3719
3719
3719
3719
3719
3720
3720
3720
3720
3720
3720
3720
3720
3720
3721
3723
3724
3725
3726
3727
3728
3729
3730
3731
3733
3736
3738
3740
3742
3744
3746
3748
3750
3752
3753
3755
3756
3757
3758
3759
3760
3761
3762
3763
3764
3766
3767
3768
3769
3770
3771
3772
3773
3774
3775
3777
3778
3779
3780
3781
3782
3783
3784
3785
3786
3788
3789
3790
3791
3792
3793
3794
3795
3796
3797
3799
3800
3801
3802
3803
3804
3805
3806
3807
3808
3810
3811
3812
3813
3814
3815
3816
3817
3818
3819
3821
3822
3823
3824
3825
3826
3827
3828
3829
3830
3832
3833
3834
3835
3836
3837
3838
3839
3840
3840
3841
3841
3841
3841
3841
3841
3841
3841
3841
3842
3844
3845
3846
3847
3848
3849
3850
3851
3852
3852
3853
3853
3853
3853
3853
3853
3853
3853
3853
3853
3854
3854
3854
3854
3854
3854
3854
3854
3854
3854
3855
3855
3855
3855
3855
3855
3855
3855
3855
3855
3856
3856
3856
3856
3856
3856
3856
3856
3856
3856
3857
3857
3857
3857
3857
3857
3857
3857
3857
3857
3858
3858
3858
3858
3858
3858
3858
3858
3858
3858
3859
3859
3859
3859
3859
3859
3859
3859
3859
3859
3860
3860
3860
3860
3860
3860
3860
3860
3860
3860
3861
3861
3861
3861
3861
3861
3861
3861
3861
3862
3864
3865
3866
3867
3868
3869
3870
3871
3872
3872
3873
3873
3873
3873
3873
3873
3873
3873
3873
3873
3874
3874
3874
3874
3874
3874
3874
3874
3874
3874
3875
3875
3875
3875
3875
3875
3875
3875
3875
3875
3876
3876
3876
3876
3876
3876
3876
3876
3876
3876
3877
3877
3877
3877
3877
3877
3877
3877
3877
3877
3878
3878
3878
3878
3878
3878
3878
3878
3878
3878
3879
3879
3879
3879
3879
3879
3879
3879
3879
3879
3880
3880
3880
3880
3880
3880
3880
3880
3880
3880
3881
3881
3881
3881
3881
3881
3881
3881
3881
3882
3884
3885
3886
3887
3888
3889
3890
3891
3892
3892
3893
3893
3893
3893
3893
3893
3893
3893
3893
3893
3894
3894
3894
3894
3894
3894
3894
3894
3894
3894
3895
3895
3895
3895
3895
3895
3895
3895
3895
3895
3896
3896
3896
3896
3896
3896
3896
3896
3896
3896
3897
3897
3897
3897
3897
3897
3897
3897
3897
3897
3898
3898
3898
3898
3898
3898
3898
3898
3898
3898
3899
3899
3899
3899
3899
3899
3899
3899
3899
3899
3900
3900
3900
3900
3900
3900
3900
3900
3900
3900
3901
3901
3901
3901
3901
3901
3901
3901
3901
3902
3904
3905
3906
3907
3908
3909
3910
3911
3912
3912
3913
3913
3913
3913
3913
3913
3913
3913
3913
3913
3914
3914
3914
3914
3914
3914
3914
3914
3914
3914
3915
3915
3915
3915
3915
3915
3915
3915
3915
3915
3916
3916
3916
3916
3916
3916
3916
3916
3916
3916
3917
3917
3917
3917
3917
3917
3917
3917
3917
3917
3918
3918
3918
3918
3918
3918
3918
3918
3918
3918
3919
3919
3919
3919
3919
3919
3919
3919
3919
3919
3920
3920
3920
3920
3920
3920
3920
3920
3920
3920
3921
3921
3921
3921
3921
3921
3921
3921
3921
3922
3924
3925
3926
3927
3928
3929
3930
3931
3932
3932
3933
3933
3933
3933
3933
3933
3933
3933
3933
3933
3934
3934
3934
3934
3934
3934
3934
3934
3934
3934
3935
3935
3935
3935
3935
3935
3935
3935
3935
3935
3936
3936
3936
3936
3936
3936
3936
3936
3936
3936
3937
3937
3937
3937
3937
3937
3937
3937
3937
3937
3938
3938
3938
3938
3938
3938
3938
3938
3938
3938
3939
3939
3939
3939
3939
3939
3939
3939
3939
3939
3940
3940
3940
3940
3940
3940
3940
3940
3940
3940
3941
3941
3941
3941
3941
3941
3941
3941
3941
3942
3944
3945
3946
3947
3948
3949
3950
3951
3952
3952
3953
3953
3953
3953
3953
3953
3953
3953
3953
3953
3954
3954
3954
3954
3954
3954
3954
3954
3954
3954
3955
3955
3955
3955
3955
3955
3955
3955
3955
3955
3956
3956
3956
3956
3956
3956
3956
3956
3956
3956
3957
3957
3957
3957
3957
3957
3957
3957
3957
3957
3958
3958
3958
3958
3958
3958
3958
3958
3958
3958
3959
3959
3959
3959
3959
3959
3959
3959
3959
3959
3960
3960
3960
3960
3960
3960
3960
3960
3960
3960
3961
3961
3961
3961
3961
3961
3961
3961
3961
3962
3964
3965
3966
3967
3968
3969
3970
3971
3972
3972
3973
3973
3973
3973
3973
3973
3973
3973
3973
3973
3974
3974
3974
3974
3974
3974
3974
3974
3974
3974
3975
3975
3975
3975
3975
3975
3975
3975
3975
3975
3976
3976
3976
3976
3976
3976
3976
3976
3976
3976
3977
3977
3977
3977
3977
3977
3977
3977
3977
3977
3978
3978
3978
3978
3978
3978
3978
3978
3978
3978
3979
3979
3979
3979
3979
3979
3979
3979
3979
3979
3980
3980
3980
3980
3980
3980
3980
3980
3980
3980
3981
3981
3981
3981
3981
3981
3981
3981
3981
3982
3984
3985
3986
3987
3988
3989
3990
3991
3992
3992
3993
3993
3993
3993
3993
3993
3993
3993
3993
3993
3994
3994
3994
3994
3994
3994
3994
3994
3994
3994
3995
3995
3995
3995
3995
3995
3995
3995
3995
3995
3996
3996
3996
3996
3996
3996
3996
3996
3996
3996
3997
3997
3997
3997
3997
3997
3997
3997
3997
3997
3998
3998
3998
3998
3998
3998
3998
3998
3998
3998
3999
3999
3999
3999
3999
3999
3999
3999
3999
3999
4000
4000
4000
4000
4000
4000
4000
4000
4000
